K = 2 
T1 = 3 
T2 = 11 
a1 = -0.84
a2 = -0.03
a3 = -1.95
a4 = -0,9
A=[-(T1+T2)/(T1*T2) 1;-(1/(T1*T2))]